0
0
0
0
0
0
0
0
0
0
0
0.015144149560862700
0
0
0
0
0
0.007439802279142180
0
0
0
0
0
0
0
0
0.018221453018512000
0
0
0
0.0018583363177017800
0
0
0
0.010628763447927800
0
0.017612350814005700
0
0
0
0.016399147320616600
0
0.00296726602081659
0.008800630983648250
0.0028447052617075600
0
0.0049436398977349800
0
0
0.00851115396573781
0.001173768555264770
0
0
0.009211852813132430
0
0
0
0.0002576421117908620064
0
0
0
0
0
0
0.0065818635390790300
0
0
0
0
0
0
0
0.00175351758056862
0
0.02828678213462550
0
0
0
0.0560276396136762
0
0.000320509562910753
0.02675124560269440
0.0033065106147305200
0
0.0038899524107770000
0
0
0
0
0.0032382422442335900
0
0
0
0
0
0.00436241632050929
0
0
0
0
0
0
0
0.01098376367477690
0
0
0
0
0
0
0
4.17736557231154E-05
0
0
0
0
0
0
0
0
0
0
0.0008918453019723730
0
0
0
0
0
0.00018440559275659100
0
0
0
0
0
0
0
0
0
0
0
0.007980202722711190
0
0.005458800968371340
0
0
0
0
0
0.005994074245044850
0
0
0.004184348875517570
0
0
0
0
0
0
0.007678176031819940
0
0
0.06213292544923720
0
0
0
0
0.015038648921129800
0.013196219914922800
0
0
0
0
0
0
0.011278218991298200
0
0
0
0
0
0
0.013907679602751500
0
0
0
0.01695968016573560
0.01080012395242810
0
0
0
0.08507551555268580
0
0
0
0
0
0
0
0
0
0.0026467494482924300
0
0
0
0
0
0
0
0.013207681307635900
0.015839211274142300
0.0007070300774681940
0
0
0
0
0.1541247948574170
0
0
0
0.01230948892743520
0
0.01527411465067010
0
0
0
0
0
0
0
0
0
0
0
0
0
0
0
0
0
0.040818323099789100
0
0
0.007351491297392110
0
0.010859610222952400
0
0.004805919686959120
0
0
0
0
0
0.013425826631540200
0
0
0
0
0.01647125450019130
0
0.0011792504148113000
0
0
0
0
0
0
0
0.0005097019583095580
0
0
0
0
0
0
0
0
0
0
0
0
0
0.011837648181885800
0
0
0
0
0
0
0
0
0
0
0
0
0.004963659812221320
0
0
0
0
0
0
0
0
0.015749098008722800
0
0
0.011219644687888800
0
0
0
0
0
0
0
0
0
0
0
0
0.014562624488269300
0
0
0
0
0
0
0
0
0
0
0
0
0.0035154812977229000
0
0
0
0
0
0
0
0
0
0
0
0.004710594808908930
0
0
0
0
0
0
0.011593240110663100
0
0
0
0
0
0
0
0
0
0
0
0
0
0
0
0
0
0
0
0.001503202638724140
0
0
0
0
0
0
0
0
0
0
0.0004779384924717820
0
0
0
0
0
0
0
0
0
0
0
0
0
0
0
0
0
0
0
0.009104793933818290
0
0
0
0
0
0
0
0
0
0
0
0
0
0
0
0
0
0
0
0.03154371820315070
0.006862337193860070
0
0
0
0.0069019806549338600
0
0
0
0
0.021199704723637800
0
0
0
0
0
0
0
0.0024041387968240900